10100600
	16
10100D00
	16
	49
	64
	80
	96
	112
	128
10101B00
	16
10101C00
	32
	48
	65
10101D00
	32
	48
	64
10101E00
	32
	48
	80
10101F00
	32
10102000
	32
10102100
	32
10102200
	32
	48
	64
	81
10102300
	48
	64
	81
10102400
	16
	48
	64
	81
10102500
	32
	49
	65
	80
	96
	112
10102900
	18
	32
10102A00
	19
	48
10102D00
	16
	32
	48
	80
10102E00
	16
10102F00
	16
	32
10104C00
	48
	65
	80
	96
10104D00
	16
	32
	48
	65
	80
	96
10105700
	16
	64
	96
	112
	129
	144
	176
	193
10105A00
	16
	32
	48
	64
	81
	96
	144
	176
	192
10106900
	16
	32
10106B00
	16
	32
	48
	64
	80
10108700
	16
10108900
	32
1010AE00
	16
	32
1010AF00
	16
1010B000
	16
1010B300
	16
	32
	48
1010B400
	16
	33
1010B600
	16
	32
1010C700
	16
	32
1010C800
	16
	32
1010CF00
	16
	32
	48
	64
	80
	96
	112
	128
1010DA00
	16
	32
1010DC00
	16
1010DD00
	16
	32
1010E300
	16
	32
	48
1010EA00
	16
	32
	48
	64
1010EB00
	17
	33
	48
	64
1010EC00
	16
	32
	48
	64
1010ED00
	16
	32
	48
	64
1010EE00
	16
1010EF00
	16
	32
1010F000
	16
	32
1010F500
	16
1010F600
	16
	32
	48
	64
	80
1010F700
	16
	33
1010F800
	32
1010FB00
	16
1010FC00
	16
1010FF00
	16
10110000
	32
10110100
	17
10110200
	16
	32
10110500
	1
10110600
	17
10110800
	16
10110900
	16
	32
	48
	64
10110A00
	16
	32
	48
	64
	80
10110B00
	17
	32
	48
10110E00
	16
	49
	80
	96
	112
	128
	144
	160
	176
	192
	208
	224
	288
	304
10111700
	16
10111A00
	16
10111B00
	16
	32
10111C00
	16
	33
10111D00
	16
10111F00
	32
	48
10112000
	16
10112100
	16
10112200
	16
10112300
	16
	32
10112400
	16
	32
	48
	64
	80
10112500
	17
10112800
	17
	32
	48
10112B00
	16
	32
10112F00
	32
10113000
	16
10113100
	16
10113400
	16
	32
	48
	64
	80
	96
	112
	128
10113500
	16
	32
	48
	64
	80
	96
	112
	144
10113700
	16
	32
	48
	64
	80
	96
	112
	144
10113800
	17
	32
	48
	65
	80
	96
10113C00
	16
10115E00
	16
	50
	80
	128
	144
	160
	192
	208
	224
	240
	256
	272
	288
	304
	336
	368
	384
	400
	416
	432
	448
	464
	480
	496
	512
	528
	544
	560
	624
	640
	656
	672
	688
	704
	736
	752
	784
	800
	816
	832
	848
	960
	976
	992
	1008
	1040
	1056
	1072
	1088
	1104
	1120
	1136
	1152
	1168
	1184
	1216
	1232
	1248
	1264
	1296
	1312
	1328
	1360
	1424
	1456
	1472
	1504
	1520
	1536
	1568
	1584
	1600
	1616
	1632
	1648
	1680
	1696
	1712
	1728
	1744
	1760
	1776
	1792
	1808
	1824
	1840
	1872
	1904
	1936
	1952
	1968
	2000
	2032
	2048
	2080
	2096
	2112
	2144
	2192
	2208
	2224
	2240
	2256
	2272
	2304
	2320
	2336
	2352
	2384
	2400
	2416
	2432
	2464
	2480
	2496
	2512
	2528
	2560
	2576
	2592
	2608
	2624
	2640
	2656
	2688
	2704
	2752
	2768
	2784
	2816
	2848
	2864
	2880
	2896
	2944
	2960
	2976
	2992
	3008
	3040
	3056
	3120
	3136
	3152
	3168
	3184
	3200
	3216
	3232
	3248
	3264
	3280
	3312
	3328
	3344
	3360
	3376
	3408
	3472
	3488
	3520
	3536
	3552
	3568
	3600
	3616
	3632
	3664
	3696
	3792
	3824
	3840
	3856
	3872
	3888
	3904
	3952
	3968
	3984
	4000
	4016
	4048
	4064
	4096
	4112
	4128
	4144
	4160
	4176
	4208
	4224
	4240
	4256
	4272
	4288
	4304
10115F00
	16
	32
	48
	65
	80
	96
10116100
	16
	32
	48
10116300
	16
10116400
	16
	32
	48
	64
	80
	96
	114
	128
	144
	160
	176
	192
	208
	224
	240
10116500
	16
	32
10116600
	17
10117200
	16
	32
10117700
	17
10118300
	16
	32
10118400
	16
1011A700
	16
	32
1011AF00
	16
	33
1011B100
	16
1011B300
	16
1011B400
	16
	32
	48
	64
	80
	96
1011B600
	32
	48
	64
	96
1011B700
	16
	33
	48
	64
1011BA00
	16
	33
	48
	64
1011C000
	16
10128200
	16
	32
10128400
	16
	32
10128700
	16
	32
10128800
	16
	32
10128A00
	16
10128F00
	16
	32
	48
10129000
	16
	32
10129200
	16
	32
1012A800
	16
1012AC00
	16
	32
	48
1012B100
	16
	32
	48
1012B400
	16
1012B700
	16
	32
1012BC00
	17
	48
	64
	80
	96
1012BD00
	33
	48
	64
	80
	96
1012BE00
	17
	48
	64
	80
	96
1012C500
	16
1012CF00
	16
1012D300
	16
	48
	64
	80
	97
	114
	128
	144
1012DC00
	16
1012F000
	33
	48
	65
1012F100
	32
	64
	80
	96
	112
10130200
	16
10131D00
	17
	32
10131F00
	32
	48
10132000
	16
	48
	64
	96
	112
	128
	144
10132100
	16
	32
	48
	64
	96
	112
	128
	144
10132400
	16
	32
	48
10132500
	16
	64
	81
10132600
	16
	64
	81
10132700
	16
	64
	81
10132800
	16
	32
10132900
	16
	32
	49
10132A00
	17
	32
	48
10132B00
	16
	32
10132F00
	16
10133600
	16
10135000
	16
10135200
	16
	33
	48
10135300
	16
10135700
	16
	32
	48
10136100
	17
10136300
	17
10136C00
	16
10136F00
	16
	32
	49
10137000
	16
	32
	49
10137C00
	16
10137F00
	16
10138300
	17
10138700
	16
	33
10138800
	16
	32
10138B00
	16
	32
10138E00
	16
10138F00
	16
10139200
	16
10139500
	16
10139900
	16
10140400
	16
10140700
	16
10142700
	16
10142A00
	16
10142B00
	16
10142C00
	16
10143F00
	16
10144000
	16
10144800
	17
10144D00
	33
	64
	80
	96
	112
10144E00
	33
	64
	80
	96
	112
10144F00
	16
	32
	48
	80
	96
	112
	128
	144
	160
	176
	192
	208
	224
	288
	304
10145000
	16
	32
	48
	80
	96
	112
	128
	144
	160
	176
	192
	208
	224
	288
	304
10145600
	16
10145800
	16
	32
10145900
	16
10145F00
	16
10146000
	16
10146100
	16
10146800
	16
	32
	48
	64
	80
	112
10147600
	17
10147F00
	16
	32
10148000
	16
10148200
	16
10148F00
	16
10149200
	16
	32
10149400
	16
10149500
	16
	32
10149600
	32
	48
10149700
	34
	48
	64
1014C600
	16
1014C800
	16
1014CB00
	16
1014CE00
	32
	48
	64
1014CF00
	16
	32
1014D100
	17
	32
1014D900
	16
	32
1014DA00
	80
	96
	112
	144
	160
	176
	192
	208
	224
	240
	256
	288
	304
	320
	336
	352
	368
	400
	432
	448
	464
	480
	496
	512
	528
	544
	560
	576
	592
	608
	624
	640
	656
	672
	688
	704
	720
	736
	752
	768
	784
	800
	816
	832
	848
	864
	880
	896
	912
	928
	944
	960
	976
	992
	1008
	1024
	1040
	1056
	1072
	1088
	1104
	1120
	1136
	1152
	1168
	1184
	1200
	1216
	1232
	1248
	1264
	1280
	1296
	1312
	1328
	1344
	1360
	1376
	1392
	1408
	1424
	1440
	1456
	1472
	1488
	1504
	1520
	1536
	1552
	1568
	1584
	1600
	1616
	1632
	1648
	1664
	1680
	1696
	1712
	1728
	1744
	1760
	1776
	1792
	1808
	1824
	1840
	1856
	1872
	1888
	1904
	1920
	1936
	1952
	1968
	1984
	2000
	2016
	2032
	2048
	2064
1014DE00
	16
1014E000
	18
1014E100
	16
1014E300
	16
10154600
	16
10154D00
	16
10156100
	16
	32
	48
	64
	80
	112
10156500
	16
10157600
	16
	32
	48
	64
	80
	112
10157900
	16
	32
	48
	64
	80
	112
10158500
	16
10159800
	48
	64
	81
10159900
	48
	64
	81
10159A00
	48
	64
	81
1015A300
	17
1015B200
	16
1015D300
	16
	32
1015EB00
	18
10161B00
	16
10161F00
	16
10162200
	2
	16
10162300
	17
10162B00
	16
	48
	64
	80
	96
	112
	128
	144
	160
	176
	192
	208
	224
	240
	256
	272
10162D00
	16
10169600
	16
	32
1016A200
	16
1016A400
	16
	32
	48
1016A600
	17
1016AB00
	16
1016AC00
	16
1016AD00
	16
	32
	48
1016B200
	16
1016C700
	16
1016CE00
	16
1016D500
	22
1016D800
	16
1016DC00
	16
	32
	64
	80
1016DE00
	16
1016DF00
	16
1016E100
	16
	32
	48
	64
	80
	96
1016E200
	16
	32
1016E300
	16
1016E500
	16
1016E600
	16
	33
	48
1016E601
	16
1016E800
	16
1016EA00
	16
1016FF00
	16
10170100
	16
10170200
	16
	33
10170400
	16
	32
10170600
	16
10170700
	17
10172A00
	16
	49
10172B00
	17
	32
	49
10173300
	16
	32
10175400
	16
10175B00
	16
10175D00
	16
10176400
	17
10176500
	16
10176600
	16
10176900
	16
	48
	64
	80
	96
	112
	128
	144
	160
	176
	192
	208
	224
	240
	256
	272
10176A00
	48
	64
	80
	96
	112
	128
	144
	160
	176
	192
	208
	224
	240
	256
	272
10176B00
	32
	50
10176F00
	16
10177200
	16
10177600
	16
10177800
	16
10178F00
	16
	32
	48
	64
10179100
	16
10179500
	17
10179A00
	16
1017AF00
	17
1017BE00
	48
1017BF00
	17
1017C600
	16
1017CD00
	32
	49
	64
	80
	98
	113
	144
	160
	176
	192
	208
	224
	240
	256
	272
1017D800
	16
	32
	48
	64
	80
	96
	112
	128
	144
	160
	176
	192
	208
1017D900
	16
	33
	48
	64
	80
	96
	112
	128
	144
	160
	176
	192
	208
1017DA00
	16
1017DB00
	16
1017DC00
	16
1017E000
	16
1017E100
	16
	33
1017E200
	16
	32
1017E700
	16
	32
1017EB00
	17
	32
	49
1017FE00
	16
10180500
	16
10180600
	16
10180700
	16
10181700
	17
	32
10181F00
	16
10182800
	17
	32
10182C00
	16
10182E00
	16
	32
	48
10183000
	16
	33
	49
	64
	80
10183900
	16
	32
10183A00
	16
10184D00
	17
	32
10184E00
	16
10185000
	16
10185900
	16
10187100
	16
	32
10188B00
	16
10188C00
	16
	32
	64
	80
10188D00
	16
	32
	64
	80
10189200
	16
10189300
	16
	32
10189A00
	17
10189F00
	16
	32
1018A100
	16
1018AB00
	17
1018C400
	16
1018D900
	17
	32
	48
1018DB00
	16
	32
	48
	64
	80
	96
	113
	128
	144
	160
	176
	192
	208
	224
	240
	256
	272
1018DC00
	16
	32
	48
	64
	80
	96
	113
	128
	144
	160
	176
	192
	208
	224
	240
	256
	272
1018DD00
	32
	48
	64
	80
	96
	113
	128
	144
	160
	176
	192
	208
	224
	240
	256
	272
1018DE00
	16
1018ED00
	16
10190300
	48
10190400
	16
10191700
	16
	32
10191800
	16
10192200
	16
	33
	48
	64
	80
10193300
	16
10193400
	16
10193E00
	16
10194000
	16
10194200
	16
	32
	48
	64
	80
	96
	112
	128
	144
	160
	176
	192
	208
	224
	240
	256
	272
	288
	304
	320
10195D00
	32
	48
	64
	80
	96
	112
	128
	144
	160
	176
	192
	208
	224
	240
	256
	272
	288
	304
	320
	336
	352
10195F00
	16
10197300
	16
10197800
	16
10198700
	16
10198F00
	17
	32
10199000
	16
	32
1019AD00
	16
	32
	48
	64
	80
	96
	114
1019AE00
	16
1019B200
	16
1019C300
	16
	32
1019C800
	82
1019E500
	81
101A1200
	18
101A1300
	16
101A1B00
	16
101A2600
	16
101A2C00
	16
	32
101A2E00
	16
101A3500
	16
	32
101A3600
	32
101A3B00
	16
101A3C00
	16
	32
101A3E00
	16
	32
101A4800
	16
101A4900
	16
101A4C00
	18
	32
	49
	64
101A5C00
	16
101A5E00
	16
101A5F00
	16
101A6200
	16
101A6300
	16
	32
	50
101A6400
	16
	33
	49
101A6500
	16
101A6900
	17
101A8000
	16
101A8300
	16
101A9100
	17
	32
	48
	64
	81
	96
	112
	128
	144
	160
	176
	192
	209
101A9500
	16
101A9F00
	16
101AA100
	16
101AA200
	18
101AA300
	16
101AA500
	16
	32
101ABC00
	16
101AC700
	16
101AC900
	16
	32
	49
	65
	80
101ACB00
	16
101AEB00
	16
	32
	48
101AFE00
	16
101AFF00
	16
101B0100
	16
101B0400
	16
101B3D00
	16
	32
	49
	64
	80
101B3E00
	16
	32
	49
	64
	80
101B8500
	16
	32
	48
	64
	80
	96
101B9000
	16
	32
101B9600
	16
101B9700
	16
	32
101B9800
	16
	32
101B9900
	16
101BA400
	16
	32
	48
	64
	80
	96
101BAA00
	16
	33
101BB300
	16
101BB800
	32
	48
	64
	80
	97
101BBC00
	16
	32
101BC200
	16
101BC600
	18
	32
	48
	64
	80
	96
101BC900
	32
101BE900
	16
	33
	48
	64
101BEC00
	16
101BED00
	16
101BEF00
	16
	32
	48
	64
101BFC00
	16
	32
	48
	64
	80
	97
101C0700
	16
101C0A00
	16
101C0B00
	16
101C0C00
	16
101C3100
	17
	32
	48
101C3900
	16
101C3C00
	32
101C4C00
	16
101C4D00
	16
	32
	48
101C5500
	16
101C5800
	16
	48
	64
101C5A00
	16
101C5B00
	16
101C5F00
	16
	32
	48
101C6200
	16
101C6300
	16
101C6A00
	16
101C6C00
	16
101C6E00
	16
101C7B00
	16
101C8200
	16
101C8A00
	16
	32
101C8B00
	16
101C9300
	32
	48
	64
	80
	97
	112
	144
	160
	176
	192
	208
101C9400
	33
	48
	64
	80
	97
	112
	144
	160
	176
	192
	208
101C9500
	33
	48
	64
	80
	97
	112
	144
	160
	176
	192
	208
101C9600
	16
101CC900
	16
	32
101CCD00
	16
101CDD00
	16
101CE000
	16
101CE100
	32
101CF700
	16
101CFF00
	17
101D0700
	16
	32
101D0900
	16
101D1700
	16
	32
101D2C00
	16
	32
101D3000
	16
101D3900
	16
101D4200
	16
101D5100
	32
	49
	64
	80
	96
101D5F00
	16
	32
101D6000
	34
	48
	65
101D6100
	16
101D6D00
	17
	33
	48
	65
101D7300
	16
101D7400
	16
	33
101D7500
	16
	32
	48
	64
	80
	96
	112
	128
	144
	161
	176
	192
	208
	224
	240
	256
	272
	288
	304
	320
	336
	352
	368
	384
	400
	416
	432
	448
	464
	480
	496
	512
	528
	544
	560
	576
	592
	608
	624
	640
	656
	672
	688
101D7700
	16
	32
101D8300
	16
101D9200
	16
101D9300
	16
	32
101D9600
	16
101D9B00
	16
101D9D00
	16
	32
	48
	64
	80
	96
	112
	128
	144
	160
	176
	192
	208
	224
	240
	256
	272
	288
	304
	320
	336
	352
	368
	384
	400
	416
	432
	448
	464
	480
	496
	512
	528
	544
	560
	576
	592
	608
	624
	640
	656
	672
	688
101D9F00
	16
	32
101DAA00
	17
	32
101DAB00
	16
	32
101DAD00
	16
101DB100
	18
	34
101DB200
	16
	32
	49
	64
	80
101DB800
	17
101DBC00
	16
	32
101DBE00
	16
	32
	48
	64
	80
	96
	112
	128
	144
	161
	176
	192
	208
	224
	240
	256
	272
	288
	304
	320
	336
	352
	368
	384
	400
	416
	432
	448
	464
	480
	496
	512
	528
	544
	560
	576
	592
	608
	624
	640
	656
	672
	688
101DC100
	16
101DCA00
	16
101DCD00
	16
101DCE00
	16
101DD000
	17
101DD700
	17
	32
	49
101DD900
	16
101DDC00
	17
	33
	48
101DEE00
	16
101DF400
	16
	32
	48
	64
101DF500
	16
	48
	64
101DFF00
	17
	32
	48
101E0000
	18
101E0100
	16
101E1200
	16
101E1B00
	32
	48
101E1E00
	16
101E1F00
	16
101E3200
	16
101E3300
	16
	32
	48
	64
101E3400
	16
101E3800
	16
101E4100
	33
	49
	64
101E4300
	16
101E5300
	16
101E8000
	16
101E9300
	16
101E9400
	16
101E9700
	16
	32
101E9C00
	17
	33
101E9F00
	16
101EA000
	16
101EA100
	18
101EA900
	16
101EAA00
	16
	32
101EB200
	16
101EBB00
	16
101EBC00
	16
101ED800
	16
101F2700
	16
	32
101F4D00
	16
101F5700
	17
101F5D00
	16
101F5F00
	16
101F6F00
	17
101F7400
	16
101F7700
	16
	32
101F7900
	16
101F9000
	17
101F9A00
	17
	32
101F9D00
	16
	32
101FA000
	16
101FAB00
	16
101FB100
	16
101FC000
	17
101FD400
	16
101FF000
	16
	32
101FFB00
	16
10200200
	16
10200700
	16
10200800
	16
10200900
	16
10200A00
	16
	32
10200B00
	16
10202500
	16
10203200
	16
	32
	48
	64
	80
10203900
	16
10204200
	16
	32
10206A00
	16
10206B00
	16
10207A00
	17
	32
10209900
	16
1020A200
	16
1020A300
	16
1020A400
	16
1020F400
	16
10215800
	16
10215F00
	16
10217000
	16
	32
	48
	64
10217300
	16
	32
	48
	64
1F600900
	16
1F944A00
	32
1FBF1000
	32
